<<<<<<< HEAD
111111111111111111111111111111
100000000000000000000000000001
100011110000111100000000000001
100000010000001000000000000001
100000010000000100000000000001
100000010000000100000000000001
100000010000001000000000000001
10000001000000010#000000000001
100000000000000010000000000001
100000000000000010000000000001
100000000000000000000000000001
100000000011110111100000000001
100000000000000000000000000001
100000000000000000000000000001
111111111111111111111111111111
=======
1111111111
1000000001
1011010001
1010000001
1010#10001
1010010001
1011110001
1000000001
1000000001
1000000001
1000000001
1000000001
1000000001
1000000001
1111111111
>>>>>>> d6cff647aa36c9ada2b4a921a68abb9618c12a5d
