<<<<<<< HEAD
111111111111111111111111111111
100000000000000000000000000001
100000000011100000000000000001
100000100100001000000000000001
100000100100000001111000000001
100000100100000010001111000001
100000100100000010000001000001
100000100100000011000001000001
100000100100000000000101100001
100000100011100001000000000001
100000110000111110000000000001
100000000000000000001010000001
1000000011111100000000010A0001
100000000000000000000000000001
111111111111111111111111111111
=======
1111111111
1000000001
1011110001
1010010001
1010010001
1010011001
1010000001
1010000001
1011000001
1001000001
1001000001
100010A001
1000100001
1000000001
1111111111
>>>>>>> d6cff647aa36c9ada2b4a921a68abb9618c12a5d
