ID  Apellido    Primer nombre Sueldo(Q)   Horas Extra Dias Laborados Comisiones Valor Horas Sueldo Extraordinario (Q) Total Devengado IGSS     ISR      Anticipos Total Descuento  Bono Incentivo  Liquido Recibir  Pension A.
1   Pineda      Nelson        10000       30          30             500        25          750                       11250           543.375  335.331     4500      5378.71          250             4871.29          4228.33 
1131245312arla        ora           0           0           0              160.597    1082081280  3325                      0               1330     1490.6      250       1059.4           1078.1          0                6.79238e+199
-1258290764            ü           115         0           0              0          1084881408  160.597                   1330            1490.6   250         1059.4    0                0               3.81686e+180     1.50032e-314
1635018098ria         laGomez       0           0           515396076      2610       1081324165  110.492                   3035.65         250      2214.35     0         0                0               0                1.39753e-306
-1258290764                          0           0           0              0          0           0                         0               0        0           0         1.1671e-312      1.50032e-314    4.06458e-315     9.56304e-308
49              µ             25          0           -1717986918    250        1076205977  12.1041                   238.896         112.663  0           0         1.50032e-314     2.94416e-318    1.50032e-314     0       
8   Veliz       Majo          3000        2           2              2          25          50                        3052            147.412  0           1220.8    1368.21          250             1881.79          1399.89 
-1258290764                          0           0           0              0          0           0                         0               0        1.50032e-3142.94416e-3181.50032e-314     0               1.58101e-322     0       
17376372                          0           0           0              0          0           0                         0               1.50032e-3142.94416e-3181.50032e-3140                1.58101e-322    0                0       
-1258290764            µ             0           0           0              0          0           0                         0               0        0           0         0                0               0                0       
595904                          0           0           0              0          0           0                         0               0        0           0         0                0               0                0       
-1258290764                          0           0           0              0          0           0                         0               0        0           0         0                0               0                1.50032e-314
32                            0           0           0              0          0           0                         0               0        0           0         0                1.50032e-314    2.94416e-318     1.50032e-314
-1258290764                          0           0           0              0          0           0                         0               0        1.50032e-3142.94416e-3181.50032e-314     0               1.58101e-322     0       
17376372                          0           0           0              0          0           0                         0               1.50032e-3142.94416e-3181.50032e-3140                1.58101e-322    0                0       
-1258290764            µ             0           0           0              0          0           0                         0               0        0           0         0                0               0                0       
595904                          0           0           0              0          0           0                         0               0        0           0         0                0               0                0       
-1258290764                          0           0           0              0          0           0                         0               0        0           0         0                0               0                1.50032e-314
32                            0           0           0              0          0           0                         0               0        0           0         0                1.50032e-314    2.94416e-318     1.50032e-314
-1258290764                          0           0           0              0          0           0                         0               0        1.50032e-3142.94416e-3181.50032e-314     0               1.58101e-322     0       
17376372                          0           0           0              0          0           0                         0               1.50032e-3142.94416e-3181.50032e-3140                1.58101e-322    0                0       
-1258290764            µ             0           0           0              0          0           0                         0               0        0           0         0                0               0                0       
595904                          0           0           0              0          0           0                         0               0        0           0         0                0               0                0       
-1258290764                          0           0           0              0          0           0                         0               0        0           0         0                0               0                1.50032e-314
32                            0           0           0              0          0           0                         0               0        0           0         0                1.50032e-314    2.94416e-318     1.50032e-314
-1258290764                          0           0           0              0          0           0                         0               0        1.50032e-3142.94416e-3181.50032e-314     0               1.58101e-322     0       
17376372                          0           0           0              0          0           0                         0               1.50032e-3142.94416e-3181.50032e-3140                1.58101e-322    0                0       
-1258290764            µ             0           0           0              0          0           0                         0               0        0           0         0                0               0                0       
595904                          0           0           0              0          0           0                         0               0        0           0         0                0               0                0       
-1258290764                          0           0           0              0          0           0                         0               0        0           0         0                0               0                1.50032e-314
32                            0           0           0              0          0           0                         0               0        0           0         0                1.50032e-314    2.94416e-318     1.50032e-314
-1258290764                          0           0           0              0          0           0                         0               0        1.50032e-3142.94416e-3181.50032e-314     0               1.58101e-322     0       
17376372                          0           0           0              0          0           0                         0               1.50032e-3142.94416e-3181.50032e-3140                1.58101e-322    0                0       
-1258290764            µ             0           0           0              0          0           0                         0               0        0           0         0                0               0                0       
595904                          0           0           0              0          0           0                         0               0        0           0         0                0               0                0       
-1258290764                          0           0           0              0          0           0                         0               0        0           0         0                0               0                1.50032e-314
32                            0           0           0              0          0           0                         0               0        0           0         0                1.50032e-314    2.94416e-318     1.50032e-314
-1258290764                          0           0           0              0          0           0                         0               0        1.50032e-3142.94416e-3181.50032e-314     0               1.58101e-322     0       
17376372                          0           0           0              0          0           0                         0               1.50032e-3142.94416e-3181.50032e-3140                1.58101e-322    0                0       
-1258290764            µ             0           0           0              0          0           0                         0               0        0           0         0                0               0                0       
595904                          0           0           0              0          0           0                         0               0        0           0         0                0               0                0       
-1258290764                          0           0           0              0          0           0                         0               0        0           0         0                0               0                1.50032e-314
32                            0           0           0              0          0           0                         0               0        0           0         0                1.50032e-314    2.94416e-318     1.50032e-314
-1258290764                          0           0           0              0          0           0                         0               0        1.50032e-3142.94416e-3181.50032e-314     0               1.58101e-322     0       
17376372                          0           0           0              0          0           0                         0               1.50032e-3142.94416e-3181.50032e-3140                1.58101e-322    0                0       
-1258290764            µ             0           0           0              0          0           0                         0               0        0           0         0                0               0                0       
595904                          0           0           0              0          0           0                         0               0        0           0         0                0               0                0       
-1258290764                          0           0           0              0          0           0                         0               0        0           0         0                0               0                1.50032e-314
32                            0           0           0              0          0           0                         0               0        0           0         0                1.50032e-314    2.94416e-318     1.50032e-314
-1258290764                          0           0           0              0          0           0                         0               0        1.50032e-3142.94416e-3181.50032e-314     0               1.58101e-322     0       
17376372                          0           0           0              0          0           0                         0               1.50032e-3142.94416e-3181.50032e-3140                1.58101e-322    0                0       
-1258290764            µ             0           0           0              0          0           0                         0               0        0           0         0                0               0                0       
595904                          0           0           0              0          0           0                         0               0        0           0         0                0               0                0       
-1258290764                          0           0           0              0          0           0                         0               0        0           0         0                0               0                1.50032e-314
32                            0           0           0              0          0           0                         0               0        0           0         0                1.50032e-314    2.94416e-318     1.50032e-314
-1258290764                          0           0           0              0          0           0                         0               0        1.50032e-3142.94416e-3181.50032e-314     0               1.58101e-322     0       
17376372                          0           0           0              0          0           0                         0               1.50032e-3142.94416e-3181.50032e-3140                1.58101e-322    0                0       
-1258290764            µ             0           0           0              0          0           0                         0               0        0           0         0                0               0                0       
595904                          0           0           0              0          0           0                         0               0        0           0         0                0               0                0       
-1258290764                          0           0           0              0          0           0                         0               0        0           0         0                0               0                1.50032e-314
32                            0           0           0              0          0           0                         0               0        0           0         0                1.50032e-314    2.94416e-318     1.50032e-314
-1258290764                          0           0           0              0          0           0                         0               0        1.50032e-3142.94416e-3181.50032e-314     0               1.58101e-322     0       
17376372                          0           0           0              0          0           0                         0               1.50032e-3142.94416e-3181.50032e-3140                1.58101e-322    0                0       
-1258290764            µ             0           0           0              0          0           0                         0               0        0           0         0                0               0                0       
595904                          0           0           0              0          0           0                         0               0        0           0         0                0               0                0       
-1258290764                          0           0           0              0          0           0                         0               0        0           0         0                0               0                1.50032e-314
32                            0           0           0              0          0           0                         0               0        0           0         0                1.50032e-314    2.94416e-318     1.50032e-314
-1258290764                          0           0           0              0          0           0                         0               0        1.50032e-3142.94416e-3181.50032e-314     0               1.58101e-322     0       
17376372                          0           0           0              0          0           0                         0               1.50032e-3142.94416e-3181.50032e-3140                1.58101e-322    0                0       
-1258290764            µ             0           0           0              0          0           0                         0               0        0           0         0                0               0                0       
595904                          0           0           0              0          0           0                         0               0        0           0         0                0               0                0       
-1258290764                          0           0           0              0          0           0                         0               0        0           0         0                0               0                1.50032e-314
32                            0           0           0              0          0           0                         0               0        0           0         0                1.50032e-314    2.94416e-318     1.50032e-314
-1258290764                          0           0           0              0          0           0                         0               0        1.50032e-3142.94416e-3181.50032e-314     0               1.58101e-322     0       
17376372                          0           0           0              0          0           0                         0               1.50032e-3142.94416e-3181.50032e-3140                1.58101e-322    0                0       
-1258290764            µ             0           0           0              0          0           0                         0               0        0           0         0                0               0                0       
595904                          0           0           0              0          0           0                         0               0        0           0         0                0               0                0       
-1258290764                          0           0           0              0          0           0                         0               0        0           0         0                0               0                1.50032e-314
32                            0           0           0              0          0           0                         0               0        0           0         0                1.50032e-314    2.94416e-318     1.50032e-314
-1258290764                          0           0           0              0          0           0                         0               0        1.50032e-3142.94416e-3181.50032e-314     0               1.58101e-322     0       
17376372                          0           0           0              0          0           0                         0               1.50032e-3142.94416e-3181.50032e-3140                1.58101e-322    0                0       
-1258290764            µ             0           0           0              0          0           0                         0               0        0           0         0                0               0                0       
595904                          0           0           0              0          0           0                         0               0        0           0         0                0               0                0       
-1258290764                          0           0           0              0          0           0                         0               0        0           0         0                0               0                1.50032e-314
32                            0           0           0              0          0           0                         0               0        0           0         0                1.50032e-314    2.94416e-318     1.50032e-314
-1258290764                          0           0           0              0          0           0                         0               0        1.50032e-3142.94416e-3181.50032e-314     0               1.58101e-322     0       
17376372                          0           0           0              0          0           0                         0               1.50032e-3142.94416e-3181.50032e-3140                1.58101e-322    0                0       
-1258290764            µ             0           0           0              0          0           0                         0               0        0           0         0                0               0                0       
595904                          0           0           0              0          0           0                         0               0        0           0         0                0               0                0       
-1258290764                          0           0           0              0          0           0                         0               0        0           0         0                0               0                1.50032e-314
32                            0           0           0              0          0           0                         0               0        0           0         0                1.50032e-314    2.94416e-318     1.50032e-314
-1258290764                          0           0           0              0          0           0                         0               0        1.50032e-3142.94416e-3181.50032e-314     0               1.58101e-322     0       
17376372                          0           0           0              0          0           0                         0               1.50032e-3142.94416e-3181.50032e-3140                1.58101e-322    0                0       
-1258290764            µ             0           0           0              0          0           0                         0               0        0           0         0                0               0                0       
595904                          0           0           0              0          0           0                         0               0        0           0         0                0               0                0       
-1258290764                          0           0           0              0          0           0                         0               0        0           0         0                0               0                1.50032e-314
32                            0           0           0              0          0           0                         0               0        0           0         0                1.50032e-314    2.94416e-318     1.50032e-314
-1258290764                          0           0           0              0          0           0                         0               0        1.50032e-3142.94416e-3181.50032e-314     0               1.58101e-322     0       
17376372                          0           0           0              0          0           0                         0               1.50032e-3142.94416e-3181.50032e-3140                1.58101e-322    0                0       
-1258290764            µ             0           0           0              0          0           0                         0               0        0           0         0                0               0                0       
595904                          0           0           0              0          0           0                         0               0        0           0         0                0               0                0       
-1258290764                          0           0           0              0          0           0                         0               0        0           0         0                0               0                1.50032e-314
32                            0           0           0              0          0           0                         0               0        0           0         0                1.50032e-314    2.94416e-318     1.50032e-314
-1258290764                          0           0           0              0          0           0                         0               0        1.50032e-3142.94416e-3181.50032e-314     0               1.58101e-322     0       
17376372                          0           0           0              0          0           0                         0               1.50032e-3142.94416e-3181.50032e-3140                1.58101e-322    0                0       
-1258290764            µ             0           0           0              0          0           0                         0               0        0           0         0                0               0                0       
595904                          0           0           0              0          0           0                         0               0        0           0         0                0               0                0       
-1258290764                          0           0           0              0          0           0                         0               0        0           0         0                0               0                1.50032e-314
32                            0           0           0              0          0           0                         0               0        0           0         0                1.50032e-314    2.94416e-318     1.50032e-314
-1258290764                          0           0           0              0          0           0                         0               0        1.50032e-3142.94416e-3181.50032e-314     0               1.58101e-322     0       
17376372                          0           0           0              0          0           0                         0               1.50032e-3142.94416e-3181.50032e-3140                1.58101e-322    0                0       
-1258290764            µ             0           0           0              0          0           0                         0               0        0           0         0                0               0                0       
595904                          0           0           0              0          0           0                         0               0        0           0         0                0               0                0       
-1258290764                          0           0           0              0          0           0                         0               0        0           0         0                0               0                1.50032e-314
32                            0           0           0              0          0           0                         0               0        0           0         0                1.50032e-314    2.94416e-318     1.50032e-314
-1258290764                          0           0           0              0          0           0                         0               0        1.50032e-3142.94416e-3181.50032e-314     0               1.58101e-322     0       
17376372                          0           0           0              0          0           0                         0               1.50032e-3142.94416e-3181.50032e-3140                1.58101e-322    0                0       
-1258290764            µ             0           0           0              0          0           0                         0               0        0           0         0                0               0                0       
595904                          0           0           0              0          0           0                         0               0        0           0         0                0               0                0       
-1258290764                          0           0           0              0          0           0                         0               0        0           0         0                0               0                1.50032e-314
32                            0           0           0              0          0           0                         0               0        0           0         0                1.50032e-314    2.94416e-318     1.50032e-314
-1258290764                          0           0           0              0          0           0                         0               0        1.50032e-3142.94416e-3181.50032e-314     0               1.58101e-322     0       
17376372                          0           0           0              0          0           0                         0               1.50032e-3142.94416e-3181.50032e-3140                1.58101e-322    0                0       
-1258290764            µ             0           0           0              0          0           0                         0               0        0           0         0                0               0                0       
595904                          0           0           0              0          0           0                         0               0        0           0         0                0               0                0       
-1258290764                          0           0           0              0          0           0                         0               0        0           0         0                0               0                1.50032e-314
32                            0           0           0              0          0           0                         0               0        0           0         0                1.50032e-314    2.94416e-318     1.50032e-314
-1258290764                          0           0           0              0          0           0                         0               0        1.50032e-3142.94416e-3181.50032e-314     0               1.58101e-322     0       
17376372                          0           0           0              0          0           0                         0               1.50032e-3142.94416e-3181.50032e-3140                1.58101e-322    0                0       
-1258290764            µ             0           0           0              0          0           0                         0               0        0           0         0                0               0                0       
595904                          0           0           0              0          0           0                         0               0        0           0         0                0               0                0       
-1258290764                          0           0           0              0          0           0                         0               0        0           0         0                0               0                1.50032e-314
32                            0           0           0              0          0           0                         0               0        0           0         0                1.50032e-314    2.94416e-318     1.50032e-314
-1258290764                          0           0           0              0          0           0                         0               0        1.50032e-3142.94416e-3181.50032e-314     0               1.58101e-322     0       
17376372                          0           0           0              0          0           0                         0               1.50032e-3142.94416e-3181.50032e-3140                1.58101e-322    0                0       
-1258290764            µ             0           0           0              0          0           0                         0               0        0           0         0                0               0                0       
595904                          0           0           0              0          0           0                         0               0        0           0         0                0               0                0       
-1258290764                          0           0           0              0          0           0                         0               0        0           0         0                0               0                1.50032e-314
32                            0           0           0              0          0           0                         0               0        0           0         0                1.50032e-314    2.94416e-318     1.50032e-314
-1258290764                          0           0           0              0          0           0                         0               0        1.50032e-3142.94416e-3181.50032e-314     0               1.58101e-322     0       
17376372                          0           0           0              0          0           0                         0               1.50032e-3142.94416e-3181.50032e-3140                1.58101e-322    0                0       
-1258290764            µ             0           0           0              0          0           0                         0               0        0           0         0                0               0                0       
595904                          0           0           0              0          0           0                         0               0        0           0         0                0               0                0       
-1258290764                          0           0           0              0          0           0                         0               0        0           0         0                0               0                1.50032e-314
32                            0           0           0              0          0           0                         0               0        0           0         0                1.50032e-314    2.94416e-318     1.50032e-314
-1258290764                          0           0           0              0          0           0                         0               0        1.50032e-3142.94416e-3181.50032e-314     0               1.58101e-322     0       
17376372                          0           0           0              0          0           0                         0               1.50032e-3142.94416e-3181.50032e-3140                1.58101e-322    0                0       
-1258290764            µ             0           0           0              0          0           0                         0               0        0           0         0                0               0                0       
595904                          0           0           0              0          0           0                         0               0        0           0         0                0               0                0       
-1258290764                          0           0           0              0          0           0                         0               0        0           0         0                0               0                1.50032e-314
32                            0           0           0              0          0           0                         0               0        0           0         0                1.50032e-314    2.94416e-318     1.50032e-314
-1258290764                          0           0           0              0          0           0                         0               0        1.50032e-3142.94416e-3181.50032e-314     0               1.58101e-322     0       
17376372                          0           0           0              0          0           0                         0               1.50032e-3142.94416e-3181.50032e-3140                1.58101e-322    0                0       
-1258290764            µ             0           0           0              0          0           0                         0               0        0           0         0                0               0                0       
595904                          0           0           0              0          0           0                         0               0        0           0         0                0               0                0       
-1258290764                          0           0           0              0          0           0                         0               0        0           0         0                0               0                1.50032e-314
32                            0           0           0              0          0           0                         0               0        0           0         0                1.50032e-314    2.94416e-318     1.50032e-314
-1258290764                          0           0           0              0          0           0                         0               0        1.50032e-3142.94416e-3181.50032e-314     0               1.58101e-322     0       
17376372                          0           0           0              0          0           0                         0               1.50032e-3142.94416e-3181.50032e-3140                1.58101e-322    0                0       
-1258290764            µ             0           0           0              0          0           0                         0               0        0           0         0                0               0                0       
595904                          0           0           0              0          0           0                         0               0        0           0         0                0               0                0       
-1258290764                          0           0           0              0          0           0                         0               0        0           0         0                0               0                1.50032e-314
32                            0           0           0              0          0           0                         0               0        0           0         0                1.50032e-314    2.94416e-318     1.50032e-314
-1258290764                          0           0           0              0          0           0                         0               0        1.50032e-3142.94416e-3181.50032e-314     0               1.58101e-322     0       
17376372                          0           0           0              0          0           0                         0               1.50032e-3142.94416e-3181.50032e-3140                1.58101e-322    0                0       
-1258290764            µ             0           0           0              0          0           0                         0               0        0           0         0                0               0                0       
595904                          0           0           0              0          0           0                         0               0        0           0         0                0               0                0       
-1258290764                          0           0           0              0          0           0                         0               0        0           0         0                0               0                1.50032e-314
32                            0           0           0              0          0           0                         0               0        0           0         0                1.50032e-314    2.94416e-318     1.50032e-314
-1258290764                          0           0           0              0          0           0                         0               0        1.50032e-3142.94416e-3181.50032e-314     0               1.58101e-322     0       
17376372                          0           0           0              0          0           0                         0               1.50032e-3142.94416e-3181.50032e-3140                1.58101e-322    0                0       
-1258290764            µ             0           0           0              0          0           0                         0               0        0           0         0                0               0                0       
595904                          0           0           0              0          0           0                         0               0        0           0         0                0               0                0       
-1258290764                          0           0           0              0          0           0                         0               0        0           0         0                0               0                1.50032e-314
32                            0           0           0              0          0           0                         0               0        0           0         0                1.50032e-314    2.94416e-318     1.50032e-314
-1258290764                          0           0           0              0          0           0                         0               0        1.50032e-3142.94416e-3181.50032e-314     0               1.58101e-322     0       
17376372                          0           0           0              0          0           0                         0               1.50032e-3142.94416e-3181.50032e-3140                1.58101e-322    0                0       
-1258290764            µ             0           0           0              0          0           0                         0               0        0           0         0                0               0                0       
595904                          0           0           0              0          0           0                         0               0        0           0         0                0               0                0       
-1258290764                          0           0           0              0          0           0                         0               0        0           0         0                0               0                1.50032e-314
32                            0           0           0              0          0           0                         0               0        0           0         0                1.50032e-314    2.94416e-318     1.50032e-314
-1258290764                          0           0           0              0          0           0                         0               0        1.50032e-3142.94416e-3181.50032e-314     0               1.58101e-322     0       
17376372                          0           0           0              0          0           0                         0               1.50032e-3142.94416e-3181.50032e-3140                1.58101e-322    0                0       
-1258290764            µ             0           0           0              0          0           0                         0               0        0           0         0                0               0                0       
595904                          0           0           0              0          0           0                         0               0        0           0         0                0               0                0       
-1258290764                          0           0           0              0          0           0                         0               0        0           0         0                0               0                1.50032e-314
32                            0           0           0              0          0           0                         0               0        0           0         0                1.50032e-314    2.94416e-318     1.50032e-314
-1258290764                          0           0           0              0          0           0                         0               0        1.50032e-3142.94416e-3181.50032e-314     0               1.58101e-322     0       
17376372                          0           0           0              0          0           0                         0               1.50032e-3142.94416e-3181.50032e-3140                1.58101e-322    0                0       
-1258290764            µ             0           0           0              0          0           0                         0               0        0           0         0                0               0                0       
595904                          0           0           0              0          0           0                         0               0        0           0         0                0               0                0       
-1258290764                          0           0           0              0          0           0                         0               0        0           0         0                0               0                1.50032e-314
32                            0           0           0              0          0           0                         0               0        0           0         0                1.50032e-314    2.94416e-318     1.50032e-314
-1258290764                          0           0           0              0          0           0                         0               0        1.50032e-3142.94416e-3181.50032e-314     0               1.58101e-322     0       
17376372                          0           0           0              0          0           0                         0               1.50032e-3142.94416e-3181.50032e-3140                1.58101e-322    0                0       
-1258290764            µ             0           0           0              0          0           0                         0               0        0           0         0                0               0                0       
595904                          0           0           0              0          0           0                         0               0        0           0         0                0               0                0       
-1258290764                          0           0           0              0          0           0                         0               0        0           0         0                0               0                1.50032e-314
32                            0           0           0              0          0           0                         0               0        0           0         0                1.50032e-314    2.94416e-318     1.50032e-314
-1258290764                          0           0           0              0          0           0                         0               0        1.50032e-3142.94416e-3181.50032e-314     0               1.58101e-322     0       
17376372                          0           0           0              0          0           0                         0               1.50032e-3142.94416e-3181.50032e-3140                1.58101e-322    0                0       
-1258290764            µ             0           0           0              0          0           0                         0               0        0           0         0                0               0                0       
595904                          0           0           0              0          0           0                         0               0        0           0         0                0               0                0       
-1258290764                          0           0           0              0          0           0                         0               0        0           0         0                0               0                1.50032e-314
32                            0           0           0              0          0           0                         0               0        0           0         0                1.50032e-314    2.94416e-318     1.50032e-314
-1258290764                          0           0           0              0          0           0                         0               0        1.50032e-3142.94416e-3181.50032e-314     0               1.58101e-322     0       
17376372                          0           0           0              0          0           0                         0               1.50032e-3142.94416e-3181.50032e-3140                1.58101e-322    0                0       
-1258290764            µ             0           0           0              0          0           0                         0               0        0           0         0                0               0                0       
595904                          0           0           0              0          0           0                         0               0        0           0         0                0               0                0       
-1258290764                          0           0           0              0          0           0                         0               0        0           0         0                0               0                1.50032e-314
32                            0           0           0              0          0           0                         0               0        0           0         0                1.50032e-314    2.94416e-318     1.50032e-314
-1258290764                          0           0           0              0          0           0                         0               0        1.50032e-3142.94416e-3181.50032e-314     0               1.58101e-322     0       
17376372                          0           0           0              0          0           0                         0               1.50032e-3142.94416e-3181.50032e-3140                1.58101e-322    0                0       
-1258290764            µ             0           0           0              0          0           0                         0               0        0           0         0                0               0                0       
595904                          0           0           0              0          0           0                         0               0        0           0         0                0               0                0       
-1258290764                          0           0           0              0          0           0                         0               0        0           0         0                0               0                1.50032e-314
32                            0           0           0              0          0           0                         0               0        0           0         0                1.50032e-314    2.94416e-318     1.50032e-314
-1258290764                          0           0           0              0          0           0                         0               0        1.50032e-3142.94416e-3181.50032e-314     0               1.58101e-322     0       
17376372                          0           0           0              0          0           0                         0               1.50032e-3142.94416e-3181.50032e-3140                1.58101e-322    0                0       
-1258290764            µ             0           0           0              0          0           0                         0               0        0           0         0                0               0                0       
595904                          0           0           0              0          0           0                         0               0        0           0         0                0               0                0       
-1258290764                          0           0           0              0          0           0                         0               0        0           0         0                0               0                1.50032e-314
32                            0           0           0              0          0           0                         0               0        0           0         0                1.50032e-314    2.94416e-318     1.50032e-314
-1258290764                          0           0           0              0          0           0                         0               0        1.50032e-3142.94416e-3181.50032e-314     0               1.58101e-322     0       
17376372                          0           0           0              0          0           0                         0               1.50032e-3142.94416e-3181.50032e-3140                1.58101e-322    0                0       
-1258290764            µ             0           0           0              0          0           0                         0               0        0           0         0                0               0                0       
595904                          0           0           0              0          0           0                         0               0        0           0         0                0               0                0       
-1258290764                          0           0           0              0          0           0                         0               0        0           0         0                0               0                1.50032e-314
32                            0           0           0              0          0           0                         0               0        0           0         0                1.50032e-314    2.94416e-318     1.50032e-314
-1258290764                          0           0           0              0          0           0                         0               0        1.50032e-3142.94416e-3181.50032e-314     0               1.58101e-322     0       
17376372                          0           0           0              0          0           0                         0               1.50032e-3142.94416e-3181.50032e-3140                1.58101e-322    0                0       
-1258290764            µ             0           0           0              0          0           0                         0               0        0           0         0                0               0                0       
595904                          0           0           0              0          0           0                         0               0        0           0         0                0               0                0       
-1258290764                          0           0           0              0          0           0                         0               0        0           0         0                0               0                1.50032e-314
32                            0           0           0              0          0           0                         0               0        0           0         0                1.50032e-314    2.94416e-318     1.50032e-314
-1258290764                          0           0           0              0          0           0                         0               0        1.50032e-3142.94416e-3181.50032e-314     0               1.58101e-322     0       
17376372                          0           0           0              0          0           0                         0               1.50032e-3142.94416e-3181.50032e-3140                1.58101e-322    0                0       
-1258290764            µ             0           0           0              0          0           0                         0               0        0           0         0                0               0                0       
595904                          0           0           0              0          0           0                         0               0        0           0         0                0               0                0       
-1258290764                          0           0           0              0          0           0                         0               0        0           0         0                0               0                1.50032e-314
32                            0           0           0              0          0           0                         0               0        0           0         0                1.50032e-314    2.94416e-318     1.50032e-314
-1258290764                          0           0           0              0          0           0                         0               0        1.50032e-3142.94416e-3181.50032e-314     0               1.58101e-322     0       
17376372                          0           0           0              0          0           0                         0               1.50032e-3142.94416e-3181.50032e-3140                1.58101e-322    0                0       
-1258290764            µ             0           0           0              0          0           0                         0               0        0           0         0                0               0                0       
595904                          0           0           0              0          0           0                         0               0        0           0         0                0               0                0       
-1258290764                          0           0           0              0          0           0                         0               0        0           0         0                0               0                1.50032e-314
32                            0           0           0              0          0           0                         0               0        0           0         0                1.50032e-314    2.94416e-318     1.50032e-314
-1258290764                          0           0           0              0          0           0                         0               0        1.50032e-3142.94416e-3181.50032e-314     0               1.58101e-322     0       
17376372                          0           0           0              0          0           0                         0               1.50032e-3142.94416e-3181.50032e-3140                1.58101e-322    0                0       
-1258290764            µ             0           0           0              0          0           0                         0               0        0           0         0                0               0                0       
595904                          0           0           0              0          0           0                         0               0        0           0         0                0               0                0       
-1258290764                          0           0           0              0          0           0                         0               0        0           0         0                0               0                1.50032e-314
32                            0           0           0              0          0           0                         0               0        0           0         0                1.50032e-314    2.94416e-318     1.50032e-314
-1258290764                          0           0           0              0          0           0                         0               0        1.50032e-3142.94416e-3181.50032e-314     0               1.58101e-322     0       
17376372                          0           0           0              0          0           0                         0               1.50032e-3142.94416e-3181.50032e-3140                1.58101e-322    0                0       
